<template>
  <svg style="visibility: hidden" width="0" height="0">
    <defs>
      <filter x="0" y="0" id="connectElements">
        <feGaussianBlur in="SourceGraphic" stdDeviation="10" result="blur"/>
        <feColorMatrix in="blur" values="1 0 0 0 0  0 1 0 0 0  0 0 1 0 0  0 0 0 19 -9" result="goo"/>
        <feComposite in="SourceGraphic" in2="goo" operator="atop"/>
      </filter>
      <filter x="0" y="0" id="connectElementsSmall">
        <feGaussianBlur in="SourceGraphic" stdDeviation="4" result="blur"/>
        <feColorMatrix in="blur" values="1 0 0 0 0  0 1 0 0 0  0 0 1 0 0  0 0 0 19 -9" result="goo"/>
        <feComposite in="SourceGraphic" in2="goo" operator="atop"/>
      </filter>
      <filter id="connectElementsScreenEdge" x="0" y="0">
        <feConvolveMatrix kernelMatrix="0.000105	0.000123	0.000144	0.000167	0.000191	0.000216	0.000242	0.000269	0.000296	0.000322	0.000347	0.000371	0.000391	0.000409	0.000424	0.000435	0.000441	0.000444	0.000441	0.000435	0.000424	0.000409	0.000391	0.000371	0.000347	0.000322	0.000296	0.000269	0.000242	0.000216	0.000191	0.000167	0.000144	0.000123	0.000105
                                        0.000123	0.000146	0.00017	0.000196	0.000225	0.000255	0.000286	0.000317	0.000349	0.00038	0.000409	0.000437	0.000462	0.000483	0.0005	0.000513	0.00052	0.000523	0.00052	0.000513	0.0005	0.000483	0.000462	0.000437	0.000409	0.00038	0.000349	0.000317	0.000286	0.000255	0.000225	0.000196	0.00017	0.000146	0.000123
                                        0.000144	0.00017	0.000198	0.000229	0.000263	0.000297	0.000334	0.000371	0.000407	0.000444	0.000478	0.00051	0.000539	0.000564	0.000584	0.000599	0.000608	0.000611	0.000608	0.000599	0.000584	0.000564	0.000539	0.00051	0.000478	0.000444	0.000407	0.000371	0.000334	0.000297	0.000263	0.000229	0.000198	0.00017	0.000144
                                        0.000167	0.000196	0.000229	0.000265	0.000303	0.000344	0.000386	0.000428	0.000471	0.000513	0.000553	0.00059	0.000623	0.000652	0.000675	0.000692	0.000702	0.000706	0.000702	0.000692	0.000675	0.000652	0.000623	0.00059	0.000553	0.000513	0.000471	0.000428	0.000386	0.000344	0.000303	0.000265	0.000229	0.000196	0.000167
                                        0.000191	0.000225	0.000263	0.000303	0.000347	0.000393	0.000441	0.00049	0.000539	0.000587	0.000632	0.000675	0.000713	0.000746	0.000772	0.000792	0.000804	0.000808	0.000804	0.000792	0.000772	0.000746	0.000713	0.000675	0.000632	0.000587	0.000539	0.00049	0.000441	0.000393	0.000347	0.000303	0.000263	0.000225	0.000191
                                        0.000216	0.000255	0.000297	0.000344	0.000393	0.000446	0.0005	0.000555	0.000611	0.000665	0.000717	0.000765	0.000808	0.000845	0.000875	0.000897	0.000911	0.000915	0.000911	0.000897	0.000875	0.000845	0.000808	0.000765	0.000717	0.000665	0.000611	0.000555	0.0005	0.000446	0.000393	0.000344	0.000297	0.000255	0.000216
                                        0.000242	0.000286	0.000334	0.000386	0.000441	0.0005	0.000561	0.000623	0.000685	0.000746	0.000804	0.000858	0.000906	0.000948	0.000982	0.001006	0.001022	0.001027	0.001022	0.001006	0.000982	0.000948	0.000906	0.000858	0.000804	0.000746	0.000685	0.000623	0.000561	0.0005	0.000441	0.000386	0.000334	0.000286	0.000242
                                        0.000269	0.000317	0.000371	0.000428	0.00049	0.000555	0.000623	0.000692	0.000761	0.000828	0.000893	0.000953	0.001006	0.001053	0.00109	0.001118	0.001135	0.00114	0.001135	0.001118	0.00109	0.001053	0.001006	0.000953	0.000893	0.000828	0.000761	0.000692	0.000623	0.000555	0.00049	0.000428	0.000371	0.000317	0.000269
                                        0.000296	0.000349	0.000407	0.000471	0.000539	0.000611	0.000685	0.000761	0.000837	0.000911	0.000982	0.001047	0.001107	0.001158	0.001199	0.001229	0.001248	0.001254	0.001248	0.001229	0.001199	0.001158	0.001107	0.001047	0.000982	0.000911	0.000837	0.000761	0.000685	0.000611	0.000539	0.000471	0.000407	0.000349	0.000296
                                        0.000322	0.00038	0.000444	0.000513	0.000587	0.000665	0.000746	0.000828	0.000911	0.000991	0.001069	0.00114	0.001205	0.00126	0.001305	0.001338	0.001358	0.001365	0.001358	0.001338	0.001305	0.00126	0.001205	0.00114	0.001069	0.000991	0.000911	0.000828	0.000746	0.000665	0.000587	0.000513	0.000444	0.00038	0.000322
                                        0.000347	0.000409	0.000478	0.000553	0.000632	0.000717	0.000804	0.000893	0.000982	0.001069	0.001152	0.001229	0.001299	0.001358	0.001407	0.001442	0.001464	0.001471	0.001464	0.001442	0.001407	0.001358	0.001299	0.001229	0.001152	0.001069	0.000982	0.000893	0.000804	0.000717	0.000632	0.000553	0.000478	0.000409	0.000347
                                        0.000371	0.000437	0.00051	0.00059	0.000675	0.000765	0.000858	0.000953	0.001047	0.00114	0.001229	0.001312	0.001386	0.001449	0.001501	0.001539	0.001562	0.00157	0.001562	0.001539	0.001501	0.001449	0.001386	0.001312	0.001229	0.00114	0.001047	0.000953	0.000858	0.000765	0.000675	0.00059	0.00051	0.000437	0.000371
                                        0.000391	0.000462	0.000539	0.000623	0.000713	0.000808	0.000906	0.001006	0.001107	0.001205	0.001299	0.001386	0.001464	0.001531	0.001586	0.001626	0.00165	0.001659	0.00165	0.001626	0.001586	0.001531	0.001464	0.001386	0.001299	0.001205	0.001107	0.001006	0.000906	0.000808	0.000713	0.000623	0.000539	0.000462	0.000391
                                        0.000409	0.000483	0.000564	0.000652	0.000746	0.000845	0.000948	0.001053	0.001158	0.00126	0.001358	0.001449	0.001531	0.001602	0.001659	0.001701	0.001726	0.001735	0.001726	0.001701	0.001659	0.001602	0.001531	0.001449	0.001358	0.00126	0.001158	0.001053	0.000948	0.000845	0.000746	0.000652	0.000564	0.000483	0.000409
                                        0.000424	0.0005	0.000584	0.000675	0.000772	0.000875	0.000982	0.00109	0.001199	0.001305	0.001407	0.001501	0.001586	0.001659	0.001718	0.001761	0.001788	0.001797	0.001788	0.001761	0.001718	0.001659	0.001586	0.001501	0.001407	0.001305	0.001199	0.00109	0.000982	0.000875	0.000772	0.000675	0.000584	0.0005	0.000424
                                        0.000435	0.000513	0.000599	0.000692	0.000792	0.000897	0.001006	0.001118	0.001229	0.001338	0.001442	0.001539	0.001626	0.001701	0.001761	0.001806	0.001833	0.001842	0.001833	0.001806	0.001761	0.001701	0.001626	0.001539	0.001442	0.001338	0.001229	0.001118	0.001006	0.000897	0.000792	0.000692	0.000599	0.000513	0.000435
                                        0.000441	0.00052	0.000608	0.000702	0.000804	0.000911	0.001022	0.001135	0.001248	0.001358	0.001464	0.001562	0.00165	0.001726	0.001788	0.001833	0.001861	0.00187	0.001861	0.001833	0.001788	0.001726	0.00165	0.001562	0.001464	0.001358	0.001248	0.001135	0.001022	0.000911	0.000804	0.000702	0.000608	0.00052	0.000441
                                        0.000444	0.000523	0.000611	0.000706	0.000808	0.000915	0.001027	0.00114	0.001254	0.001365	0.001471	0.00157	0.001659	0.001735	0.001797	0.001842	0.00187	0.001879	0.00187	0.001842	0.001797	0.001735	0.001659	0.00157	0.001471	0.001365	0.001254	0.00114	0.001027	0.000915	0.000808	0.000706	0.000611	0.000523	0.000444
                                        0.000441	0.00052	0.000608	0.000702	0.000804	0.000911	0.001022	0.001135	0.001248	0.001358	0.001464	0.001562	0.00165	0.001726	0.001788	0.001833	0.001861	0.00187	0.001861	0.001833	0.001788	0.001726	0.00165	0.001562	0.001464	0.001358	0.001248	0.001135	0.001022	0.000911	0.000804	0.000702	0.000608	0.00052	0.000441
                                        0.000435	0.000513	0.000599	0.000692	0.000792	0.000897	0.001006	0.001118	0.001229	0.001338	0.001442	0.001539	0.001626	0.001701	0.001761	0.001806	0.001833	0.001842	0.001833	0.001806	0.001761	0.001701	0.001626	0.001539	0.001442	0.001338	0.001229	0.001118	0.001006	0.000897	0.000792	0.000692	0.000599	0.000513	0.000435
                                        0.000424	0.0005	0.000584	0.000675	0.000772	0.000875	0.000982	0.00109	0.001199	0.001305	0.001407	0.001501	0.001586	0.001659	0.001718	0.001761	0.001788	0.001797	0.001788	0.001761	0.001718	0.001659	0.001586	0.001501	0.001407	0.001305	0.001199	0.00109	0.000982	0.000875	0.000772	0.000675	0.000584	0.0005	0.000424
                                        0.000409	0.000483	0.000564	0.000652	0.000746	0.000845	0.000948	0.001053	0.001158	0.00126	0.001358	0.001449	0.001531	0.001602	0.001659	0.001701	0.001726	0.001735	0.001726	0.001701	0.001659	0.001602	0.001531	0.001449	0.001358	0.00126	0.001158	0.001053	0.000948	0.000845	0.000746	0.000652	0.000564	0.000483	0.000409
                                        0.000391	0.000462	0.000539	0.000623	0.000713	0.000808	0.000906	0.001006	0.001107	0.001205	0.001299	0.001386	0.001464	0.001531	0.001586	0.001626	0.00165	0.001659	0.00165	0.001626	0.001586	0.001531	0.001464	0.001386	0.001299	0.001205	0.001107	0.001006	0.000906	0.000808	0.000713	0.000623	0.000539	0.000462	0.000391
                                        0.000371	0.000437	0.00051	0.00059	0.000675	0.000765	0.000858	0.000953	0.001047	0.00114	0.001229	0.001312	0.001386	0.001449	0.001501	0.001539	0.001562	0.00157	0.001562	0.001539	0.001501	0.001449	0.001386	0.001312	0.001229	0.00114	0.001047	0.000953	0.000858	0.000765	0.000675	0.00059	0.00051	0.000437	0.000371
                                        0.000347	0.000409	0.000478	0.000553	0.000632	0.000717	0.000804	0.000893	0.000982	0.001069	0.001152	0.001229	0.001299	0.001358	0.001407	0.001442	0.001464	0.001471	0.001464	0.001442	0.001407	0.001358	0.001299	0.001229	0.001152	0.001069	0.000982	0.000893	0.000804	0.000717	0.000632	0.000553	0.000478	0.000409	0.000347
                                        0.000322	0.00038	0.000444	0.000513	0.000587	0.000665	0.000746	0.000828	0.000911	0.000991	0.001069	0.00114	0.001205	0.00126	0.001305	0.001338	0.001358	0.001365	0.001358	0.001338	0.001305	0.00126	0.001205	0.00114	0.001069	0.000991	0.000911	0.000828	0.000746	0.000665	0.000587	0.000513	0.000444	0.00038	0.000322
                                        0.000296	0.000349	0.000407	0.000471	0.000539	0.000611	0.000685	0.000761	0.000837	0.000911	0.000982	0.001047	0.001107	0.001158	0.001199	0.001229	0.001248	0.001254	0.001248	0.001229	0.001199	0.001158	0.001107	0.001047	0.000982	0.000911	0.000837	0.000761	0.000685	0.000611	0.000539	0.000471	0.000407	0.000349	0.000296
                                        0.000269	0.000317	0.000371	0.000428	0.00049	0.000555	0.000623	0.000692	0.000761	0.000828	0.000893	0.000953	0.001006	0.001053	0.00109	0.001118	0.001135	0.00114	0.001135	0.001118	0.00109	0.001053	0.001006	0.000953	0.000893	0.000828	0.000761	0.000692	0.000623	0.000555	0.00049	0.000428	0.000371	0.000317	0.000269
                                        0.000242	0.000286	0.000334	0.000386	0.000441	0.0005	0.000561	0.000623	0.000685	0.000746	0.000804	0.000858	0.000906	0.000948	0.000982	0.001006	0.001022	0.001027	0.001022	0.001006	0.000982	0.000948	0.000906	0.000858	0.000804	0.000746	0.000685	0.000623	0.000561	0.0005	0.000441	0.000386	0.000334	0.000286	0.000242
                                        0.000216	0.000255	0.000297	0.000344	0.000393	0.000446	0.0005	0.000555	0.000611	0.000665	0.000717	0.000765	0.000808	0.000845	0.000875	0.000897	0.000911	0.000915	0.000911	0.000897	0.000875	0.000845	0.000808	0.000765	0.000717	0.000665	0.000611	0.000555	0.0005	0.000446	0.000393	0.000344	0.000297	0.000255	0.000216
                                        0.000191	0.000225	0.000263	0.000303	0.000347	0.000393	0.000441	0.00049	0.000539	0.000587	0.000632	0.000675	0.000713	0.000746	0.000772	0.000792	0.000804	0.000808	0.000804	0.000792	0.000772	0.000746	0.000713	0.000675	0.000632	0.000587	0.000539	0.00049	0.000441	0.000393	0.000347	0.000303	0.000263	0.000225	0.000191
                                        0.000167	0.000196	0.000229	0.000265	0.000303	0.000344	0.000386	0.000428	0.000471	0.000513	0.000553	0.00059	0.000623	0.000652	0.000675	0.000692	0.000702	0.000706	0.000702	0.000692	0.000675	0.000652	0.000623	0.00059	0.000553	0.000513	0.000471	0.000428	0.000386	0.000344	0.000303	0.000265	0.000229	0.000196	0.000167
                                        0.000144	0.00017	0.000198	0.000229	0.000263	0.000297	0.000334	0.000371	0.000407	0.000444	0.000478	0.00051	0.000539	0.000564	0.000584	0.000599	0.000608	0.000611	0.000608	0.000599	0.000584	0.000564	0.000539	0.00051	0.000478	0.000444	0.000407	0.000371	0.000334	0.000297	0.000263	0.000229	0.000198	0.00017	0.000144
                                        0.000123	0.000146	0.00017	0.000196	0.000225	0.000255	0.000286	0.000317	0.000349	0.00038	0.000409	0.000437	0.000462	0.000483	0.0005	0.000513	0.00052	0.000523	0.00052	0.000513	0.0005	0.000483	0.000462	0.000437	0.000409	0.00038	0.000349	0.000317	0.000286	0.000255	0.000225	0.000196	0.00017	0.000146	0.000123
                                        0.000105	0.000123	0.000144	0.000167	0.000191	0.000216	0.000242	0.000269	0.000296	0.000322	0.000347	0.000371	0.000391	0.000409	0.000424	0.000435	0.000441	0.000444	0.000441	0.000435	0.000424	0.000409	0.000391	0.000371	0.000347	0.000322	0.000296	0.000269	0.000242	0.000216	0.000191	0.000167	0.000144	0.000123	0.000105"
                          order="35" divisor="1" edgeMode="duplicate" result="blur"></feConvolveMatrix>
        <feColorMatrix in="blur" values="1 0 0 0 0  0 1 0 0 0  0 0 1 0 0  0 0 0 19 -9" result="goo"/>
        <feComposite in="SourceGraphic" in2="goo" operator="atop"/>
      </filter>
      <radialGradient id="featherGradient">
        <stop offset="30%" stop-color="black" />
        <stop offset="100%" stop-color="rgba(0,0,0,0)" />
      </radialGradient>
      <defs>
        <linearGradient id="whiteToBlack">
          <stop offset="50%" stop-color="white" />
          <stop offset="50%" stop-color="black" />
        </linearGradient>
      </defs>
    </defs>
  </svg>
</template>

<script>
export default {
  name: 'SvgFilters'
}
</script>

<style lang="stylus" type="text/stylus" scoped>

</style>
